shoulder_joint: 0
upperArm_joint: -0.26179938779914943653855361527329
foreArm_joint: 1.7453292519943295769236907684886
wrist1_joint: 0.43633231299858239423092269212215
wrist2_joint: 1.5707963267948966192313216916398
wrist3_joint: 0




